[gd_scene load_steps=9 format=3 uid="uid://c32t5uc3a7x3h"]

[ext_resource type="Texture2D" uid="uid://c8arnlq67qi7" path="res://assets/textures/grids/Dark/texture_05.png" id="1_1jiox"]
[ext_resource type="Texture2D" uid="uid://b58xv1joypxo5" path="res://assets/textures/grids/Orange/texture_09.png" id="2_wwa0v"]
[ext_resource type="Texture2D" uid="uid://bj2tjclvfiove" path="res://assets/textures/grids/Purple/texture_05.png" id="3_s3td0"]
[ext_resource type="Texture2D" uid="uid://djg8y25y06h5n" path="res://assets/textures/grids/Green/texture_09.png" id="4_67e6y"]

[sub_resource type="StandardMaterial3D" id="StandardMaterial3D_fuf1a"]
albedo_texture = ExtResource("1_1jiox")
uv1_triplanar = true

[sub_resource type="StandardMaterial3D" id="StandardMaterial3D_soue5"]
albedo_texture = ExtResource("2_wwa0v")

[sub_resource type="StandardMaterial3D" id="StandardMaterial3D_2clhf"]
albedo_texture = ExtResource("3_s3td0")

[sub_resource type="StandardMaterial3D" id="StandardMaterial3D_rcyue"]
albedo_texture = ExtResource("4_67e6y")

[node name="world" type="Node3D"]

[node name="map" type="Node3D" parent="."]

[node name="floor" type="CSGBox3D" parent="map"]
transform = Transform3D(1, 0, 0, 0, 1, 0, 0, 0, 1, 0, -1, 0)
material_override = SubResource("StandardMaterial3D_fuf1a")
size = Vector3(1000, 1, 1000)

[node name="box1" type="CSGBox3D" parent="map"]
transform = Transform3D(0.0495819, 0, 0.99877, 0, 1, 0, -0.99877, 0, 0.0495819, 8.45471, 0, 0)
material_override = SubResource("StandardMaterial3D_soue5")

[node name="box2" type="CSGBox3D" parent="map"]
transform = Transform3D(-0.116653, 0, 0.993173, 0, 1, 0, -0.993173, 0, -0.116653, -1.58452, 0.54652, 0)
material_override = SubResource("StandardMaterial3D_2clhf")
size = Vector3(2, 2, 2)

[node name="box3" type="CSGBox3D" parent="map"]
transform = Transform3D(-0.116653, 0, 0.993173, 0, 1, 0, -0.993173, 0, -0.116653, 5.92203, 1.02765, -4.6876)
material_override = SubResource("StandardMaterial3D_rcyue")
size = Vector3(3, 3, 3)
